1
4
1267650600228229401496703205376,1267650600228229401496703205376
1267650600228229401496703205377,1267650600228229401496703205376
1267650600228229401496703205377,1267650600228229401496703205377
1267650600228229401496703205376,1267650600228229401496703205377
4
1267650600228229401496703205376,1267650600228229401496703205376 1267650600228229401496703205376,1267650600228229401496703205377
1267650600228229401496703205377,1267650600228229401496703205376 1267650600228229401496703205377,1267650600228229401496703205377
1267650600228229401496703205376,1267650600228229401496703205376 1267650600228229401496703205377,1267650600228229401496703205376
1267650600228229401496703205376,1267650600228229401496703205377 1267650600228229401496703205377,1267650600228229401496703205377
